                              OLS Regression Results                              
==================================================================================
Dep. Variable:     prop_home_change_march   R-squared:                       0.882
Model:                                OLS   Adj. R-squared:                  0.809
Method:                     Least Squares   F-statistic:                     12.02
Date:                    Wed, 29 Jul 2026   Prob (F-statistic):           1.67e-25
Time:                            02:40:50   Log-Likelihood:                -439.81
No. Observations:                     155   AIC:                             999.6
Df Residuals:                          95   BIC:                             1182.
Df Model:                              59                                         
Covariance Type:                nonrobust                                         
==========================================================================================
                             coef    std err          t      P>|t|      [0.025      0.975]
------------------------------------------------------------------------------------------
const                    -44.3544     41.179     -1.077      0.284    -126.106      37.397
trump_share              -20.3137      8.730     -2.327      0.022     -37.646      -2.982
income_per_capita          0.0921      0.285      0.324      0.747      -0.473       0.657
percent_male              -0.6541      0.419     -1.562      0.122      -1.485       0.177
percent_black             -0.2860      0.091     -3.130      0.002      -0.467      -0.105
percent_hispanic          -0.1547      0.088     -1.761      0.081      -0.329       0.020
percent_college            0.5012      0.191      2.623      0.010       0.122       0.881
percent_retail             0.3453      0.304      1.135      0.259      -0.259       0.949
percent_transportation     0.5549      0.300      1.852      0.067      -0.040       1.150
percent_hes               -0.6753      0.166     -4.073      0.000      -1.004      -0.346
percent_rural             -0.0140      0.032     -0.438      0.663      -0.077       0.049
percent_10_14              2.7549      0.678      4.063      0.000       1.409       4.101
percent_15_19             -0.5304      0.838     -0.633      0.528      -2.194       1.133
percent_20_24              2.1500      0.589      3.649      0.000       0.980       3.320
percent_25_34              0.7030      0.667      1.054      0.294      -0.621       2.027
percent_35_44              2.2960      0.910      2.524      0.013       0.490       4.102
percent_45_54              2.2952      0.621      3.697      0.000       1.063       3.528
percent_55_59              0.9906      0.801      1.237      0.219      -0.599       2.581
percent_60_64              0.1171      0.844      0.139      0.890      -1.559       1.794
percent_65_74              0.6857      0.649      1.057      0.293      -0.602       1.973
percent_75_84              1.0052      0.659      1.526      0.130      -0.302       2.313
percent_85_over            1.5755      1.145      1.376      0.172      -0.697       3.848
state_AR                  -4.0905      4.707     -0.869      0.387     -13.435       5.254
state_CA                  24.7255      5.660      4.368      0.000      13.489      35.962
state_CO                   9.5947      5.006      1.917      0.058      -0.344      19.534
state_DE                  14.9099      5.983      2.492      0.014       3.032      26.788
state_FL                  14.7433      4.849      3.040      0.003       5.117      24.370
state_GA                  19.5615      2.834      6.902      0.000      13.935      25.188
state_IA                   0.5993      4.686      0.128      0.899      -8.704       9.903
state_ID                  11.1528      5.821      1.916      0.058      -0.404      22.709
state_IL                   9.6323      6.745      1.428      0.157      -3.759      23.023
state_IN                   9.4340      4.639      2.033      0.045       0.224      18.644
state_KS                   4.5257      4.498      1.006      0.317      -4.405      13.456
state_KY                  17.9451      3.862      4.646      0.000      10.278      25.612
state_LA                   7.0672      4.234      1.669      0.098      -1.338      15.473
state_MI                  16.1161      4.683      3.442      0.001       6.819      25.413
state_MN                  10.9374      4.850      2.255      0.026       1.308      20.567
state_MO                   5.8600      3.716      1.577      0.118      -1.518      13.238
state_MS                   4.3454      3.577      1.215      0.227      -2.756      11.447
state_MT                   4.5312      4.836      0.937      0.351      -5.070      14.133
state_NC                  15.7637      3.678      4.286      0.000       8.462      23.066
state_ND                  -5.1415      7.929     -0.648      0.518     -20.883      10.600
state_NE                   1.8745      5.290      0.354      0.724      -8.628      12.377
state_NJ                  19.4956      6.259      3.115      0.002       7.070      31.921
state_NM                  15.0802      5.922      2.547      0.012       3.325      26.836
state_NV                  18.4476      7.913      2.331      0.022       2.738      34.157
state_NY                   9.1771      4.886      1.878      0.063      -0.523      18.877
state_OH                  10.7686      4.038      2.667      0.009       2.753      18.784
state_OK                   1.3354      4.961      0.269      0.788      -8.513      11.183
state_OR                  14.1519      4.838      2.925      0.004       4.547      23.756
state_PA                   5.5050      3.961      1.390      0.168      -2.359      13.369
state_SC                  10.0841      6.030      1.672      0.098      -1.887      22.055
state_SD                   4.4792      5.516      0.812      0.419      -6.472      15.430
state_TN                  -1.8991      3.407     -0.557      0.579      -8.663       4.864
state_TX                   7.3586      3.413      2.156      0.034       0.583      14.135
state_VA                  -6.9683      4.347     -1.603      0.112     -15.598       1.662
state_WA                  15.0029      6.674      2.248      0.027       1.753      28.253
state_WI                   5.5470      4.621      1.200      0.233      -3.627      14.721
state_WV                  15.1865      4.743      3.202      0.002       5.770      24.603
state_WY                  -7.6540      6.303     -1.214      0.228     -20.167       4.859
==============================================================================
Omnibus:                       11.453   Durbin-Watson:                   1.556
Prob(Omnibus):                  0.003   Jarque-Bera (JB):               16.645
Skew:                          -0.414   Prob(JB):                     0.000243
Kurtosis:                       4.375   Cond. No.                     9.49e+03
==============================================================================

Notes:
[1] Standard Errors assume that the covariance matrix of the errors is correctly specified.
[2] The condition number is large, 9.49e+03. This might indicate that there are
strong multicollinearity or other numerical problems.
