                               OLS Regression Results                              
===================================================================================
Dep. Variable:     prop_home_change_august   R-squared:                       0.808
Model:                                 OLS   Adj. R-squared:                  0.689
Method:                      Least Squares   F-statistic:                     6.771
Date:                     Wed, 29 Jul 2026   Prob (F-statistic):           1.60e-16
Time:                             02:40:50   Log-Likelihood:                -460.18
No. Observations:                      155   AIC:                             1040.
Df Residuals:                           95   BIC:                             1223.
Df Model:                               59                                         
Covariance Type:                 nonrobust                                         
==========================================================================================
                             coef    std err          t      P>|t|      [0.025      0.975]
------------------------------------------------------------------------------------------
const                     28.4026     46.961      0.605      0.547     -64.826     121.632
trump_share              -15.2676      9.956     -1.533      0.128     -35.033       4.498
income_per_capita          0.1204      0.324      0.371      0.712      -0.524       0.765
percent_male              -0.2716      0.477     -0.569      0.571      -1.219       0.676
percent_black             -0.1828      0.104     -1.755      0.083      -0.390       0.024
percent_hispanic          -0.0918      0.100     -0.917      0.362      -0.291       0.107
percent_college            0.0712      0.218      0.327      0.745      -0.361       0.504
percent_retail             0.0288      0.347      0.083      0.934      -0.660       0.718
percent_transportation    -0.1187      0.342     -0.347      0.729      -0.797       0.560
percent_hes               -0.3123      0.189     -1.652      0.102      -0.688       0.063
percent_rural             -0.1316      0.036     -3.620      0.000      -0.204      -0.059
percent_10_14              0.1926      0.773      0.249      0.804      -1.343       1.728
percent_15_19             -1.5290      0.955     -1.600      0.113      -3.426       0.368
percent_20_24              1.0413      0.672      1.550      0.125      -0.293       2.375
percent_25_34             -0.7727      0.760     -1.016      0.312      -2.282       0.737
percent_35_44              1.4238      1.037      1.373      0.173      -0.636       3.483
percent_45_54              0.9364      0.708      1.323      0.189      -0.469       2.342
percent_55_59              2.1664      0.913      2.372      0.020       0.353       3.980
percent_60_64             -0.0869      0.963     -0.090      0.928      -1.999       1.825
percent_65_74             -1.6368      0.740     -2.213      0.029      -3.105      -0.168
percent_75_84              0.6799      0.751      0.905      0.368      -0.811       2.171
percent_85_over            0.1870      1.305      0.143      0.886      -2.404       2.778
state_AR                 -14.3710      5.368     -2.677      0.009     -25.028      -3.714
state_CA                  19.0261      6.455      2.948      0.004       6.212      31.840
state_CO                   0.0933      5.709      0.016      0.987     -11.241      11.428
state_DE                  10.4706      6.823      1.535      0.128      -3.075      24.017
state_FL                  13.5710      5.530      2.454      0.016       2.593      24.549
state_GA                   9.2196      3.232      2.852      0.005       2.803      15.636
state_IA                  -5.6646      5.344     -1.060      0.292     -16.274       4.945
state_ID                   4.1519      6.638      0.625      0.533      -9.027      17.331
state_IL                   1.5248      7.692      0.198      0.843     -13.746      16.796
state_IN                  -7.0898      5.291     -1.340      0.183     -17.593       3.414
state_KS                  -1.4391      5.130     -0.281      0.780     -11.623       8.745
state_KY                   4.5148      4.404      1.025      0.308      -4.229      13.259
state_LA                   2.6646      4.828      0.552      0.582      -6.921      12.250
state_MI                  -1.1739      5.340     -0.220      0.826     -11.776       9.428
state_MN                  -0.0498      5.531     -0.009      0.993     -11.031      10.931
state_MO                   2.7672      4.238      0.653      0.515      -5.647      11.181
state_MS                  -2.9101      4.079     -0.713      0.477     -11.009       5.189
state_MT                  -0.8849      5.515     -0.160      0.873     -11.835      10.065
state_NC                   9.2838      4.194      2.213      0.029       0.957      17.611
state_ND                  -8.0968      9.042     -0.895      0.373     -26.048       9.854
state_NE                  -8.2961      6.033     -1.375      0.172     -20.274       3.681
state_NJ                   9.9630      7.138      1.396      0.166      -4.207      24.133
state_NM                   1.0485      6.753      0.155      0.877     -12.358      14.455
state_NV                  31.0154      9.024      3.437      0.001      13.100      48.930
state_NY                   2.4113      5.572      0.433      0.666      -8.650      13.473
state_OH                  -4.0536      4.605     -0.880      0.381     -13.195       5.088
state_OK                  -5.8747      5.657     -1.038      0.302     -17.105       5.356
state_OR                   6.8056      5.517      1.234      0.220      -4.148      17.759
state_PA                  -1.3320      4.517     -0.295      0.769     -10.300       7.636
state_SC                   7.2537      6.877      1.055      0.294      -6.398      20.906
state_SD                  -6.4503      6.291     -1.025      0.308     -18.939       6.038
state_TN                  -2.5416      3.885     -0.654      0.515     -10.255       5.172
state_TX                  -0.4854      3.892     -0.125      0.901      -8.213       7.242
state_VA                   0.3228      4.957      0.065      0.948      -9.519      10.164
state_WA                  12.0118      7.611      1.578      0.118      -3.099      27.122
state_WI                   0.1321      5.270      0.025      0.980     -10.330      10.594
state_WV                   6.1484      5.409      1.137      0.259      -4.591      16.887
state_WY                 -11.1196      7.188     -1.547      0.125     -25.390       3.151
==============================================================================
Omnibus:                       10.992   Durbin-Watson:                   1.835
Prob(Omnibus):                  0.004   Jarque-Bera (JB):               15.726
Skew:                          -0.403   Prob(JB):                     0.000385
Kurtosis:                       4.336   Cond. No.                     9.49e+03
==============================================================================

Notes:
[1] Standard Errors assume that the covariance matrix of the errors is correctly specified.
[2] The condition number is large, 9.49e+03. This might indicate that there are
strong multicollinearity or other numerical problems.
